[gd_scene load_steps=3 format=3 uid="uid://dkp31fyrty2x1"]

[ext_resource type="Script" path="res://scripts/marching_cubes.gd" id="1_lidwy"]

[sub_resource type="PlaneMesh" id="PlaneMesh_l3mta"]

[node name="root" type="Node3D"]

[node name="dynamic_ground" type="StaticBody3D" parent="."]
script = ExtResource("1_lidwy")
grid_size = Vector3i(20, 5, 20)

[node name="mesh" type="MeshInstance3D" parent="dynamic_ground"]
transform = Transform3D(1, 0, 0, 0, 1, 0, 0, 0, 1, 0, -2, 0)
skeleton = NodePath("../..")

[node name="collision" type="CollisionShape3D" parent="dynamic_ground"]
transform = Transform3D(1, 0, 0, 0, 1, 0, 0, 0, 1, 0, -2, 0)

[node name="plane" type="MeshInstance3D" parent="."]
mesh = SubResource("PlaneMesh_l3mta")

[node name="camera" type="Camera3D" parent="."]
transform = Transform3D(0.962337, -0.137717, 0.234397, -4.20715e-08, 0.862196, 0.506575, -0.27186, -0.487496, 0.829723, 1.86052, 2.17376, 4.92305)

[node name="light1" type="DirectionalLight3D" parent="."]
transform = Transform3D(-0.627019, 0.464174, -0.625611, -0.106388, 0.744543, 0.659043, 0.771705, 0.47979, -0.41746, -3, 2, 0)
light_energy = 0.7

[node name="light2" type="DirectionalLight3D" parent="."]
transform = Transform3D(0.152874, 0.299538, 0.941757, -0.755681, 0.649541, -0.0839265, -0.636849, -0.698838, 0.325652, -3, 2, -1.832)
light_energy = 0.1

[node name="GridMap" type="GridMap" parent="."]
transform = Transform3D(1, 0, 0, 0, -4.37114e-08, -1, 0, 1, -4.37114e-08, 0, 0, 0)
cell_size = Vector3(1, 1, 1)
metadata/_editor_floor_ = Vector3(0, 0, 0)
